18.254640 39.718915 
-11.309935 7.731168 
-0.225980 31.487611 
17.704220 29.936136 
-11.842468 15.131033 
-6.568899 37.971552 
11.695557 26.133630 
-2.189935 34.248484 
8.575907 10.308807 
4.791775 19.239572 
10.449904 38.334104 
-18.376981 23.594936 
-11.339254 44.718296 
-11.197695 18.429938 
2.189170 13.052905 
-0.480518 22.808615 
-17.376918 33.446113 
3.262807 27.633670 
-5.215013 23.331833 
-12.578932 28.179086 
108.040375 58.242315 
124.166819 66.739278 
120.471868 54.894848 
124.547489 61.634511 
119.313959 88.019988 
92.372585 65.565365 
126.980870 63.304309 
104.691644 67.197545 
118.071663 88.716775 
118.845663 63.404339 
120.623313 76.607083 
119.426121 71.593534 
122.723466 65.370119 
109.105990 74.330946 
130.649149 58.271126 
121.869160 78.829936 
89.535688 86.176390 
118.591461 100.238895 
114.093486 83.279361 
84.804726 73.547856 
40.436535 117.577908 
37.843069 116.298181 
40.788683 126.433721 
39.966791 114.406580 
51.153842 121.394345 
38.418541 129.615794 
47.356744 113.199233 
47.523215 127.437924 
43.849814 118.104727 
52.894985 126.592225 
54.065637 110.353285 
50.110469 119.842157 
60.840567 105.855125 
53.004620 110.828865 
44.593200 128.991138 
60.157946 116.997073 
43.721644 129.968354 
60.077523 116.477666 
53.554674 132.011652 
57.666515 107.046186 
170.311838 165.429941 
148.448754 186.622303 
149.657133 191.526958 
143.701897 164.852258 
150.150452 176.557212 
157.336236 195.520044 
144.115734 184.259211 
152.744228 177.598263 
169.466809 171.103129 
144.256519 172.007493 
155.161287 163.904209 
138.559684 196.093663 
160.930531 199.978858 
159.466127 189.424322 
153.977137 176.586978 
160.416676 173.511837 
153.632328 197.164998 
171.749550 191.589030 
161.230660 164.674308 
168.056698 199.680680 
63.024950 168.584634 
48.712583 172.251568 
66.629656 151.963215 
47.101327 170.712367 
72.799490 143.728440 
76.273986 163.089840 
69.872831 170.138992 
51.933522 154.026913 
53.932412 160.229685 
43.745167 159.399227 
43.705856 170.974576 
59.544533 165.804977 
61.441753 156.880192 
62.552596 155.032415 
75.587095 169.035132 
51.488122 155.911758 
68.021945 153.453773 
58.565506 151.951314 
71.772521 158.919899 
53.065861 161.871725 
48.252499 54.044559 
54.289167 94.590832 
45.754142 59.567188 
72.240473 49.886004 
37.162574 92.348072 
49.341165 50.135342 
44.800605 49.996377 
53.742086 92.526683 
71.592706 71.172957 
31.241698 70.911332 
32.707154 76.789010 
69.015287 76.180846 
43.499570 72.485604 
66.694458 51.043854 
35.375009 53.216046 
44.728893 84.679983 
35.607288 50.449456 
57.996420 82.413905 
38.363328 81.668290 
60.646593 76.578377 
35.892382 121.214014 
45.837726 147.786758 
48.092167 138.871379 
39.024801 140.894740 
75.231708 137.018846 
65.496382 128.860671 
39.083679 115.861515 
51.412436 114.338261 
54.578232 128.585612 
61.316815 115.714075 
67.507491 136.046395 
74.411200 126.641815 
77.402551 132.886960 
43.851792 131.382633 
43.115159 128.270380 
43.658596 116.541511 
70.862106 127.030291 
41.878062 112.660324 
43.451464 118.436833 
74.932776 112.389223 
100.560956 148.257345 
98.050447 113.435296 
113.983484 129.980498 
146.793701 128.697964 
112.999410 130.083017 
120.950529 142.329649 
126.336488 100.014126 
152.328735 103.388061 
109.027971 125.217696 
113.128748 124.849139 
112.723378 142.978570 
132.208377 123.353491 
152.442220 150.564522 
116.303659 104.090268 
146.056747 155.656249 
139.201845 152.624627 
143.847169 143.259216 
105.993497 105.218108 
113.173288 100.174653 
132.469115 132.179622 
-12.174086 42.341080 
-3.832897 46.001707 
-3.653415 70.006968 
2.949765 69.921989 
26.664149 47.471138 
-1.502159 57.103350 
-9.434015 48.462589 
16.329598 49.245654 
-13.024523 69.947966 
24.902723 80.481458 
6.875348 69.625476 
-9.753439 66.364310 
26.605494 46.116542 
-4.872744 63.377974 
14.317350 51.451054 
21.268975 71.880774 
-1.470552 45.110604 
22.619794 64.613542 
19.854885 53.244085 
-2.790140 74.193559 
123.895729 52.918151 
137.205848 53.937576 
132.844186 47.341041 
130.009391 52.795858 
106.612605 39.844046 
135.770315 52.607841 
117.502726 23.696288 
100.931004 60.714906 
129.103037 33.028129 
133.400323 41.039472 
123.721657 59.588592 
114.983758 28.885541 
130.956176 48.751862 
118.349305 45.047966 
106.697464 24.288245 
131.493561 52.125828 
133.728167 51.032284 
123.385414 48.905228 
115.695335 35.727680 
119.023096 43.840574 
65.434333 66.343599 
71.211834 56.441478 
61.208417 77.670027 
57.073488 78.418266 
65.312741 46.569059 
54.334247 66.211356 
96.529095 81.894543 
99.252287 66.510357 
99.298071 93.981082 
64.583388 78.778208 
95.053076 95.204133 
65.969667 70.210993 
72.075089 76.050803 
104.156188 93.044170 
74.928980 63.506126 
67.331792 79.912211 
95.198344 78.092525 
101.702309 43.347455 
68.502967 45.716492 
87.114341 73.364607 
154.701969 0.598516 
153.498725 -0.639467 
139.935751 10.896818 
146.995875 -9.716478 
148.265440 4.961157 
138.561750 -5.359829 
131.673754 12.041703 
136.230355 13.034369 
140.077791 3.892724 
137.547266 -9.048545 
141.328714 11.974067 
131.403654 -0.357485 
137.030096 -9.183906 
133.329554 9.264329 
135.228742 9.103529 
151.210854 -7.497877 
137.465847 7.280993 
144.023474 4.370026 
145.941614 -6.409237 
146.814366 -3.221533 
202.815523 119.034131 
197.341859 114.791974 
171.894802 89.898638 
162.277031 88.787118 
197.243437 123.827857 
175.048030 80.771460 
170.214285 91.652797 
171.123578 126.008791 
186.039374 74.749713 
202.519522 106.225787 
173.888593 102.274029 
167.468306 119.286090 
167.591267 89.967325 
186.457324 96.861952 
165.419901 96.968373 
208.988021 121.406849 
175.474245 107.674523 
195.670563 100.540472 
208.871683 111.119019 
200.626113 107.459763 
23.984257 143.544243 
29.322884 164.218668 
25.204941 170.060709 
14.535635 147.896716 
-5.010884 133.723177 
13.089466 129.262153 
-0.975038 167.321552 
11.293469 159.370879 
30.697873 171.733755 
15.423807 166.851498 
-1.931755 139.400252 
11.095131 161.676100 
-4.649983 138.125994 
10.314081 165.093573 
27.217010 153.064013 
12.759348 160.176088 
29.342769 151.057054 
11.171719 163.522531 
7.894725 134.682175 
-1.803789 157.816213 
176.757049 156.390317 
165.860005 142.550228 
180.307186 140.624850 
188.733918 151.529005 
174.213712 140.034532 
161.220281 141.679776 
171.650793 144.947293 
184.155369 141.596897 
166.338121 145.371692 
185.847005 132.715635 
168.305170 145.606890 
175.813610 137.111179 
186.326771 157.041464 
170.792905 150.991738 
159.508263 141.555033 
167.009431 155.551177 
157.938248 152.155303 
158.094302 157.531299 
186.124169 132.762966 
169.053201 146.272627 
117.974337 166.121420 
112.491153 138.007535 
101.640648 136.160896 
124.450787 145.247503 
105.704776 148.347113 
122.024829 153.546190 
103.122913 156.936941 
93.357047 164.336515 
118.006098 145.479561 
100.502467 151.482506 
105.036204 162.837019 
111.189488 140.420212 
117.417637 154.841941 
110.684727 141.955319 
122.301410 138.388755 
124.014649 157.248888 
94.632631 153.478943 
117.508525 145.376065 
111.891941 158.932452 
112.875670 166.699504 
100.649699 98.881529 
103.165241 102.932521 
113.551957 115.880963 
103.844352 105.730983 
95.101237 104.948506 
89.788000 103.840096 
93.901113 109.862950 
112.755615 103.846631 
102.654409 94.642396 
97.984769 99.366056 
90.940286 116.988345 
113.645370 103.574656 
101.597519 111.680369 
114.212350 105.737751 
110.155117 106.698823 
114.404427 100.876203 
106.377014 107.641056 
104.605387 110.000359 
99.063415 98.521126 
91.272738 109.491305 
27.226033 203.318484 
33.168245 178.998689 
3.667949 212.498975 
14.691690 191.108748 
36.097279 189.027402 
10.328634 187.402980 
30.923148 175.551063 
7.596317 185.942675 
32.139381 207.626770 
6.465790 178.812099 
14.367590 208.113966 
25.872064 176.705603 
2.298041 211.862199 
0.874695 207.122917 
14.979118 183.201413 
27.171542 183.315481 
34.453399 201.450117 
10.247672 179.231679 
18.521735 209.410552 
18.273929 195.729345 
171.013670 182.460104 
174.063354 164.634331 
193.435440 181.669645 
187.017456 182.457081 
181.182677 166.971444 
189.390174 168.845688 
186.666488 171.761666 
187.622714 165.981277 
171.669116 179.475339 
173.752497 163.595312 
191.943151 177.375021 
188.417644 181.235409 
179.567359 169.207893 
183.267919 179.500147 
189.362516 166.420829 
189.783071 175.953888 
180.246254 179.424128 
171.953540 161.292865 
192.459094 174.548699 
175.115267 161.252942 
182.704742 139.584832 
173.589297 130.235440 
178.634735 132.873554 
171.100004 148.446545 
189.582490 128.554849 
177.725375 150.399798 
174.484258 128.066511 
175.193129 133.790124 
182.527669 147.466013 
188.617593 138.744682 
169.627422 147.857245 
178.042325 137.433761 
180.656247 133.035394 
179.485322 148.427813 
173.144758 139.298987 
178.588843 128.643850 
188.401313 149.331819 
168.396785 139.830398 
167.363538 136.650468 
173.435108 129.740377 
176.357995 211.307668 
163.719879 216.774672 
168.903887 188.644958 
183.201628 216.504956 
162.857500 208.694015 
167.597169 208.557659 
163.576565 206.919445 
161.742300 189.896309 
150.909906 210.147143 
177.103423 183.864192 
176.260480 204.734027 
156.292239 190.113481 
175.663807 200.856578 
169.847384 210.208120 
182.457725 196.002328 
178.143247 205.780106 
158.485960 188.827512 
173.730742 209.676651 
163.970853 203.896756 
177.357572 209.115157 
69.180484 91.129145 
72.490054 91.830076 
42.258989 115.775764 
69.651784 94.756148 
56.744043 107.421390 
51.370727 115.609387 
47.781644 121.183563 
50.042557 91.129491 
68.466993 114.908787 
70.010807 107.302580 
73.758824 91.571267 
45.692991 116.565091 
56.010550 118.603847 
58.651334 98.244640 
46.840680 119.356678 
67.654656 125.593966 
69.574116 113.723062 
76.512334 121.405907 
52.592670 119.742471 
75.250348 118.909514 
51.534067 82.541186 
59.747622 93.946860 
64.264866 91.726728 
46.244210 89.747060 
47.225482 89.034350 
52.018115 80.619336 
60.118244 87.153391 
53.958880 108.608507 
50.404755 89.737194 
58.893329 91.510706 
41.661540 89.859637 
49.361396 109.935214 
58.024116 85.469237 
66.707967 93.420480 
51.639284 86.122936 
65.872903 108.130893 
47.355199 99.833073 
50.023837 85.832614 
39.505886 101.225588 
54.270751 91.688909 
14.382721 85.927489 
18.999887 95.316778 
13.287489 86.799663 
7.186491 82.321615 
8.074456 96.469752 
8.955445 89.931891 
7.734500 95.183024 
7.240528 99.496079 
2.003981 93.923077 
16.223519 82.605622 
-2.237655 91.049945 
9.700506 84.242831 
10.824421 85.496112 
14.293532 79.982575 
4.365892 97.063547 
7.756389 81.592610 
0.200339 89.600271 
15.516957 97.730090 
15.007503 85.547444 
18.659274 85.925956 
103.356267 151.409597 
96.213257 156.839440 
101.095290 166.686444 
98.818047 159.418051 
111.818314 166.206638 
94.393545 148.925588 
102.388768 155.819537 
111.805353 157.895423 
108.040980 162.676958 
113.756905 165.276170 
110.426260 156.615932 
106.496210 162.013466 
97.289023 167.977312 
106.607101 159.176495 
91.707905 150.387753 
99.267600 159.261096 
100.982853 159.677781 
92.312845 166.275068 
102.576534 155.327816 
101.905427 155.618577 
137.671484 98.864730 
127.094354 107.121812 
138.276462 103.222382 
122.432736 118.034444 
113.881861 122.179618 
123.205373 121.166723 
114.492160 106.735662 
126.492517 117.815021 
123.337278 117.541375 
112.890764 126.778289 
115.012572 116.913700 
112.141301 128.249014 
116.610567 110.089252 
127.008640 114.964584 
135.124493 100.090685 
116.271872 113.564523 
117.837253 116.218210 
139.568173 96.882260 
138.322429 102.769454 
133.798542 125.056275 
-16.878890 123.935021 
-14.654515 147.094186 
21.389884 148.807419 
25.036020 142.176825 
30.712575 127.396909 
18.718738 154.246681 
12.286958 108.332249 
-1.369334 111.007095 
27.804436 129.496480 
-4.735504 123.909401 
16.677855 156.254890 
-8.246681 141.550656 
21.771886 127.622802 
-1.382510 139.342279 
3.429082 125.153096 
-5.042518 132.428734 
22.706366 126.181509 
-6.787443 130.046181 
-11.321435 104.198507 
-14.087357 105.341071 
142.628575 198.955129 
151.724883 170.792875 
169.762745 191.620812 
158.978772 168.088564 
155.368544 177.828004 
154.046598 164.887848 
144.807930 192.753667 
155.201241 190.951079 
148.094971 192.341265 
178.942174 189.851433 
159.914125 178.709660 
176.735362 200.158842 
162.716743 200.579571 
144.385857 187.285916 
157.053203 197.614945 
161.520858 180.422831 
171.376812 193.986794 
164.047518 183.855536 
160.414343 165.742268 
164.775912 196.523940 
182.778860 175.905699 
173.700488 157.902339 
195.769158 185.373235 
171.109849 169.872948 
180.936278 170.142182 
181.034110 164.597999 
168.304057 165.085966 
181.022043 175.289042 
193.256279 162.324840 
172.341989 158.617048 
168.517086 185.540613 
193.273099 172.321125 
181.567502 180.280936 
172.392441 161.858624 
172.587308 155.502167 
170.709206 174.625356 
193.010972 163.668882 
194.130800 172.779151 
175.385057 184.499837 
168.995039 175.580523 
93.520182 211.469210 
91.723742 184.919295 
98.341370 206.069352 
86.555902 208.871005 
103.769458 188.505698 
95.760475 192.114057 
99.636994 192.297131 
93.802590 213.502785 
94.186216 201.126461 
77.170011 184.902277 
87.746156 192.898878 
108.963433 212.851105 
97.667343 209.842086 
111.043109 189.366440 
84.084881 196.266432 
85.012693 204.835434 
85.939115 203.966807 
104.247163 211.510856 
88.239632 181.744477 
98.585335 182.950502 
31.776832 66.696589 
30.975263 75.528957 
33.256876 65.001621 
28.717288 83.050868 
26.501073 56.278111 
32.706442 69.741084 
25.573994 73.581856 
21.030943 78.876089 
32.204145 79.755303 
9.710296 69.145150 
11.317526 74.485891 
15.094506 82.021512 
36.373136 62.406983 
23.521597 56.116160 
21.546138 73.618092 
19.038635 63.810823 
10.003521 60.501751 
9.028620 82.265442 
23.709402 76.750953 
35.005150 60.698329 
160.312379 143.974463 
147.133077 133.611896 
154.520114 122.057144 
155.287050 162.531538 
146.702025 120.474672 
141.463208 125.813432 
138.723488 137.024324 
173.008131 122.660868 
180.568910 136.592294 
161.572267 126.031896 
158.809251 153.613030 
146.447499 138.371375 
148.462697 168.512388 
154.092524 140.866683 
177.267494 126.141788 
144.836817 129.171883 
169.545954 136.253951 
162.213482 168.350125 
157.740798 161.784590 
177.619319 148.726880 
188.339775 122.197830 
161.728005 162.593184 
142.089107 150.171681 
163.134868 119.776177 
147.899013 115.244475 
158.583124 138.154824 
156.104062 125.868912 
184.748838 148.901542 
142.397434 162.547842 
186.067882 123.282831 
171.211360 120.495885 
178.148687 138.331871 
170.805957 138.581677 
155.218755 117.938631 
159.613818 117.263133 
184.779451 123.012832 
156.763801 121.566694 
149.237810 127.583189 
189.041212 141.102960 
164.662203 165.670507 
163.987120 117.481185 
138.522303 97.799493 
126.563589 83.465587 
142.502679 83.257477 
159.828710 96.923333 
165.279186 85.019694 
129.177787 90.673930 
148.338089 81.512558 
157.577257 100.121875 
168.942799 114.050914 
164.700522 80.458890 
128.712825 81.124101 
127.587340 99.942102 
152.145257 75.077696 
134.516586 88.465062 
148.378593 76.145609 
140.574126 108.320791 
152.350974 88.557611 
126.414258 116.273549 
150.220960 107.662864 
90.171469 17.611431 
88.943219 14.090948 
89.281200 -9.968122 
96.070542 3.005065 
68.163250 19.034225 
88.203111 -8.269646 
103.211329 -10.871305 
98.184251 21.293664 
79.591405 -11.301131 
84.619210 -1.357543 
84.656449 -6.854792 
105.282962 14.966583 
76.258195 21.023006 
79.963363 23.898942 
83.846165 14.432099 
68.113301 23.104811 
90.315037 6.143697 
95.467267 -11.028148 
94.158646 0.913423 
89.959987 11.409073 
2.152554 157.028718 
15.812992 153.758692 
11.722178 172.857524 
12.294231 176.365265 
1.075284 172.736505 
20.345109 178.192717 
24.882839 171.744420 
2.824178 178.479842 
-0.657013 179.533177 
24.402122 152.333143 
12.075038 164.431167 
19.158401 169.328174 
-0.089816 155.190646 
1.598718 174.309088 
8.835480 157.756697 
15.109646 167.490286 
8.674468 157.078653 
15.138030 176.898898 
23.825229 153.588276 
16.806978 181.402766 
81.973860 144.265058 
50.653494 168.294454 
54.454469 188.371388 
69.829518 147.649199 
69.728507 182.827249 
90.274045 190.742047 
93.945092 188.146162 
54.950698 173.438667 
64.200516 157.023130 
59.763072 182.205655 
82.487046 160.725627 
68.576522 166.219827 
61.316388 163.825754 
55.322560 152.421454 
58.505098 166.481972 
51.887792 182.668834 
75.447573 144.731163 
65.990711 172.091919 
97.803093 178.010106 
84.441660 160.048358 
94.020368 58.583319 
94.536503 42.559947 
105.841675 70.246310 
86.193073 61.543563 
91.862971 64.927684 
112.376956 75.086142 
109.829813 53.063137 
115.091533 81.780219 
95.668544 57.947747 
78.398409 51.748833 
114.394536 44.066128 
100.469712 61.833872 
78.195440 52.743990 
85.047381 56.376747 
109.531622 69.097839 
104.956387 48.993073 
80.844768 44.933975 
85.297750 72.708646 
108.925014 57.513026 
87.415819 46.229069 
27.907380 173.335363 
33.775123 193.704590 
31.136362 165.763018 
27.005762 154.330329 
-7.440190 196.870208 
18.942380 187.630002 
29.883443 201.117448 
30.363565 159.642680 
21.015593 178.169247 
30.619636 197.869521 
14.940883 201.715229 
40.958263 167.868942 
20.752826 172.329453 
13.962429 193.685672 
1.666865 185.483445 
21.426424 210.387716 
38.139353 178.445670 
25.843503 192.519838 
23.529233 176.093389 
26.170712 196.902514 
61.924688 58.528256 
41.515517 56.546413 
56.384486 70.255082 
58.708644 68.145333 
39.576300 72.193727 
49.131524 63.697690 
44.120748 75.252799 
58.391611 79.817149 
64.433965 64.599123 
52.046180 81.807384 
44.321447 80.909680 
56.016826 79.495144 
54.081512 58.014278 
53.851291 65.408798 
44.078462 78.191600 
56.659944 59.220873 
62.691511 77.204579 
41.738940 72.293719 
47.619919 79.476702 
40.599310 66.225338 
105.192391 121.998368 
93.485548 138.885561 
84.592810 143.765932 
82.083075 121.402313 
115.283738 117.486941 
111.232871 148.472709 
104.287162 151.202632 
94.496685 115.419580 
81.924206 125.644553 
106.257138 123.783267 
85.510640 135.859519 
91.257355 147.839306 
112.542109 124.417450 
113.528950 124.953073 
107.693306 129.908643 
114.592376 133.813282 
101.194025 129.005510 
81.570093 147.130185 
81.642692 124.996517 
77.403748 117.854016 
166.604607 208.176040 
178.982777 183.193803 
198.610744 204.578473 
195.061774 186.967390 
198.172230 194.055590 
185.623047 207.718245 
175.860007 210.137869 
190.391905 200.846625 
187.671298 184.143988 
184.456987 184.862719 
191.552199 213.013128 
174.985509 200.473596 
167.600297 200.010394 
186.926529 186.333826 
163.518454 198.358112 
170.843839 181.486718 
177.970788 201.190273 
171.716725 192.345622 
177.205383 182.542589 
186.349216 191.141702 
71.488536 24.394893 
72.921535 40.992362 
68.473687 22.381075 
38.491893 18.795751 
71.117210 22.596340 
47.650745 40.173377 
42.588584 58.872912 
40.636523 37.397950 
73.966669 49.875842 
61.282661 20.237307 
39.591497 31.198889 
45.169539 41.615424 
62.717880 35.429166 
41.385755 20.575147 
74.663389 37.878247 
43.803114 56.181593 
59.923277 26.754318 
52.102218 38.426633 
46.785529 43.345654 
54.872521 27.932408 
201.082928 174.519539 
201.327335 153.952275 
194.318638 168.600268 
159.109863 176.694042 
198.034203 154.138532 
163.251795 155.771900 
160.952835 163.163594 
187.276999 143.718216 
183.766936 140.700766 
178.013740 158.318777 
193.604253 167.911915 
202.194194 147.661038 
156.335051 161.929145 
194.734294 147.593129 
169.752620 168.239408 
157.914330 147.479631 
182.393051 135.885748 
190.381085 153.355772 
193.435195 175.450106 
169.683918 168.113482 
108.497970 31.730641 
122.348065 49.938860 
118.763466 28.639656 
99.984915 36.888248 
122.279745 57.675576 
103.175177 33.246224 
93.161073 56.847492 
94.522689 37.204561 
101.344940 52.433312 
106.873405 45.312196 
105.420744 43.053594 
103.664815 53.334728 
103.457515 33.295906 
97.786031 28.160940 
110.560079 49.420367 
101.594504 27.217942 
121.626876 32.102462 
117.632671 48.550235 
101.217986 58.900098 
92.791732 31.657624 
96.303312 65.807987 
66.117208 68.407546 
71.197573 64.967289 
83.506625 57.541029 
77.515100 65.883359 
67.004950 77.948313 
74.983204 90.416885 
77.087483 89.376736 
53.818405 70.646010 
95.204624 66.555776 
53.483849 58.348178 
42.378699 103.686554 
63.514798 52.586223 
94.054370 84.049464 
39.467084 66.237391 
96.525220 106.920384 
71.811775 75.620049 
56.921960 55.986969 
80.353736 53.406207 
53.294396 70.846457 
158.485557 166.474546 
143.153627 173.804717 
148.811494 181.238255 
146.452806 184.535265 
129.805374 177.439202 
126.692562 153.384071 
131.796123 154.353194 
158.944966 177.617140 
128.406650 160.908241 
151.027468 153.851894 
153.630849 158.406355 
137.980195 183.254371 
156.059330 166.114116 
131.712140 160.682929 
151.474150 181.804315 
129.496456 175.920139 
136.129751 172.187241 
137.575745 184.478402 
141.276385 183.565708 
156.864556 170.618916 
197.111061 134.412706 
183.426544 116.054832 
159.685655 125.797310 
172.744859 92.256166 
186.103060 111.640864 
177.458660 112.876139 
175.319425 127.059642 
189.373203 117.377266 
184.370045 114.132362 
190.797063 100.956926 
196.764855 102.199482 
185.597698 125.237937 
191.979913 112.803179 
190.034843 101.204153 
166.477069 116.585570 
196.754196 135.626159 
184.174809 105.585506 
184.857524 115.898493 
164.559349 129.640412 
187.964454 122.700438 
12.424816 54.360704 
18.424762 36.158918 
2.117330 39.826960 
22.046549 47.563513 
-3.509063 34.873355 
-3.797626 59.386319 
21.611024 50.161695 
11.213870 33.722552 
18.572114 34.379031 
-9.621131 55.420519 
15.507674 39.151314 
3.527465 38.179077 
6.183591 36.074300 
22.031094 33.743113 
10.219961 26.685863 
3.789176 37.143365 
17.532262 36.712525 
9.787978 34.148180 
13.025180 46.333115 
18.197388 57.527026 
32.540608 198.875288 
19.310942 158.476252 
24.177376 200.356157 
-7.642722 185.108854 
20.715726 181.099530 
40.196756 207.889892 
40.471397 169.925444 
38.770839 166.440203 
35.807421 207.408034 
21.950208 167.260365 
31.032984 206.759028 
32.445613 157.655107 
23.114675 178.720358 
36.403575 187.443659 
2.603210 208.609206 
14.866024 160.923881 
29.030169 159.957028 
-5.003430 178.987606 
35.909622 167.184672 
39.692898 182.405410 
